Percentage of attack

Node level at each time slot:
[0, 1, 1, 1, 1, 1] victim
[0，160，130，7，1447，1015] attacker
49499 nodes in total

Edge level at each time slot:
[0, 1305, 2299, 2132, 38447, 25727] normal edges
[0, 160, 130, 7, 1447, 1015] attack edges

Degree distribution (I only list number of nodes with lower degree node):
[number of nodes with degree 0, number of nodes with degree 1, number of node with degree 2,...]
0-10s [49499, 0, 0, 0, 0, 0, 0, 0, 0, 0, 0, 0, 0, 0, 0, 0, 0, 0, 0, 0, 0, 0, 0, 0, 0, 0, 0, 0, 0, 0, 0, 0]
10-20s [48240, 979, 142, 58, 30, 13, 9, 6, 1, 2, 4, 4, 1, 2, 1, 0, 0, 0, 0, 1, 0, 0, 0, 0, 1, 1, 0, 0, 0, 0, 0, 0, 0]
20-30s [47629, 1334, 238, 118, 52, 27, 24, 14, 9, 10, 8, 9, 1, 4, 0, 0, 1, 4, 0, 2, 1, 1, 0, 0, 1, 2, 2, 0, 1, 0, 0, 0, 0, 0, 0]
30-40s [48062, 873, 235, 115, 56, 52, 17, 11, 15, 14, 4, 10, 2, 2, 2, 2, 3, 2, 4, 1, 0, 3, 0, 0, 0, 0, 0, 0, 2, 2, 1, 1, 0, 0, 1, 0, 0, 0]
40-50s [18913, 27592, 1354, 431, 243, 174, 101, 85, 77, 47, 46, 42, 32, 29, 31, 29, 21, 16, 18, 15, 15, 13, 9, 8, 8, 4, 6, 5, 6, 3, 11, 4, 2, 4, 3, 4, 3, 3, 6, 1, 1, 1, 6, 1, 4, 2, 2, 1, 2, 1, 2, 6, 1, 5, 0, 2, 2, 1, 0, 1, 2, 2, 1, 0, 0, 0, 0, 2, 0, 2, 2, 0, 0, 0, 0, 0, 0]
50-60s [26992, 20827, 793, 268, 134, 90, 85, 41, 38, 21, 22, 21, 11, 11, 11, 13, 8, 5, 11, 7, 8, 6, 3, 0, 7, 8, 0, 2, 2, 1, 4, 0, 3, 2, 0, 1, 2, 2, 1, 2, 4, 2, 1, 0, 1, 0, 1, 1, 0, 1, 1, 0, 0, 0, 2, 1, 0, 1, 0, 2, 0, 1, 0, 0, 0, 0, 1, 0, 0, 0, 0, 0, 0, 0, 0, 0]

